-0.00013,-0.00013,-7.5e-05,-0.000407,0.000704,-2.2e-05,1.0
-0.0001,-0.0001,-0.000246,-0.000208,0.000836,-0.000211,1.0
0.000775,0.000775,0.000491,-0.000513,0.001592,-0.000615,0.999998
0.001302,0.001302,0.001927,-0.000951,0.0029,9e-06,0.999995
0.00308,0.00308,0.003311,-0.002703,0.00404,0.00039,0.999988
0.005888,0.005888,0.007514,-0.00239,0.004977,-0.00039,0.999985
0.023981,0.023981,0.028006,-0.002908,0.003442,-0.001691,0.999988
0.024367,0.024367,0.027927,-0.002603,0.004748,-0.001088,0.999985
0.031568,0.031568,0.036397,-0.003946,0.005016,-0.000184,0.99998
0.039994,0.039994,0.044775,-0.006014,0.005139,-0.000312,0.999969
0.045125,0.045125,0.066255,-0.010982,0.005021,-0.003271,0.999922
0.053034,0.053034,0.075466,-0.011958,0.005899,-0.001432,0.99991
0.065044,0.065044,0.088224,-0.012476,0.005224,-0.003022,0.999904
0.073136,0.073136,0.099213,-0.01269,0.006907,-0.001358,0.999895
0.085349,0.085349,0.112871,-0.013945,0.006088,-0.001352,0.999883
0.103462,0.103462,0.131675,-0.014586,0.003183,-0.003516,0.999882
0.107241,0.107241,0.13604,-0.014815,0.003639,-0.003459,0.999878
0.120256,0.120256,0.149766,-0.017101,0.00257,-0.00647,0.99983
0.132383,0.132383,0.16181,-0.016709,0.002072,-0.00527,0.999844
0.144259,0.144259,0.172949,-0.017138,0.002246,-0.004218,0.999842
0.154393,0.154393,0.184088,-0.018806,0.001446,-0.004144,0.999813
0.176028,0.176028,0.209311,-0.017914,-0.000439,-0.001973,0.999838
0.187004,0.187004,0.224327,-0.017671,-0.000688,-0.001962,0.999842
0.194335,0.194335,0.232828,-0.017657,0.000162,-0.001369,0.999843
0.208577,0.208577,0.248653,-0.017856,-0.001306,-0.001353,0.999839
0.218823,0.218823,0.267091,-0.019737,-0.000802,-0.000692,0.999805
0.226296,0.226296,0.28201,-0.023115,-0.001497,-0.001625,0.99973
0.232043,0.232043,0.297925,-0.025144,-0.000934,-0.002014,0.999681
0.240623,0.240623,0.31365,-0.026696,-0.001644,-0.001965,0.99964
0.262531,0.262531,0.325294,-0.028045,-0.004524,0.000693,0.999596
0.2899,0.2899,0.356421,-0.029103,-0.007247,0.001967,0.999548
0.296661,0.296661,0.371424,-0.030844,-0.007134,0.002732,0.999495
0.308692,0.308692,0.378794,-0.031202,-0.008542,0.002168,0.999474
0.326087,0.326087,0.394141,-0.031633,-0.011356,0.00326,0.99943
0.339952,0.339952,0.410289,-0.033457,-0.012723,0.001551,0.999358
0.347274,0.347274,0.422433,-0.036381,-0.014586,0.002631,0.999228
0.36437,0.36437,0.451569,-0.035215,-0.015607,0.001422,0.999257
0.370553,0.370553,0.458415,-0.036667,-0.015714,0.002056,0.999202
0.387448,0.387448,0.478217,-0.036003,-0.023953,0.004821,0.999053
0.399033,0.399033,0.492093,-0.037318,-0.031024,0.007811,0.998791
0.410656,0.410656,0.506414,-0.037149,-0.038283,0.00941,0.998532
0.417724,0.417724,0.521498,-0.036459,-0.043838,0.014835,0.998263
0.432723,0.432723,0.549946,-0.037955,-0.050495,0.014266,0.997901
0.435807,0.435807,0.569345,-0.037999,-0.054809,0.017942,0.997612
0.441374,0.441374,0.592636,-0.035682,-0.059948,0.021032,0.997342
0.448319,0.448319,0.609858,-0.037505,-0.066063,0.021279,0.996883
0.457622,0.457622,0.617773,-0.038485,-0.072147,0.020435,0.996442
0.453462,0.453462,0.632193,-0.03751,-0.073931,0.023765,0.996274
0.462636,0.462636,0.663119,-0.038102,-0.078561,0.023722,0.995898
0.461567,0.461567,0.676549,-0.036812,-0.080588,0.025085,0.995752
0.462329,0.462329,0.701961,-0.036946,-0.085154,0.026897,0.995319
0.465966,0.465966,0.708105,-0.035109,-0.08835,0.02672,0.995112
0.485567,0.485567,0.712297,-0.034451,-0.095894,0.029382,0.994361
0.490392,0.490392,0.729596,-0.035299,-0.100637,0.031102,0.99381
0.48898,0.48898,0.741722,-0.035884,-0.103154,0.032104,0.993499
0.495426,0.495426,0.754637,-0.038354,-0.108542,0.033412,0.99279
0.487269,0.487269,0.769642,-0.036255,-0.109843,0.03297,0.99274
0.497396,0.497396,0.807992,-0.036757,-0.116551,0.03269,0.991966
0.491171,0.491171,0.837518,-0.033748,-0.122245,0.034022,0.991342
0.487565,0.487565,0.859629,-0.030254,-0.126573,0.034889,0.990882
0.493662,0.493662,0.917978,-0.022869,-0.13737,0.039926,0.989451
0.511645,0.511645,0.947244,-0.030555,-0.149677,0.042128,0.987364
0.501405,0.501405,0.963136,-0.02393,-0.153077,0.04498,0.9869
0.471913,0.471913,0.988202,-0.019602,-0.15295,0.047084,0.986917
0.469412,0.469412,1.037041,-0.017137,-0.157104,0.050703,0.986131
0.46407,0.46407,1.06437,-0.013866,-0.163925,0.051376,0.985036
0.46448,0.46448,1.11027,-0.012863,-0.176845,0.054192,0.982662
0.455021,0.455021,1.135444,-0.005118,-0.184987,0.057722,0.981031
0.456921,0.456921,1.154657,-0.004778,-0.189652,0.059077,0.980061
0.47261,0.47261,1.192952,-0.003164,-0.191659,0.059548,0.979648
0.478153,0.478153,1.20952,-1.8e-05,-0.195967,0.061107,0.978705
0.486801,0.486801,1.227885,-0.006673,-0.192965,0.058003,0.979467
0.497457,0.497457,1.236568,-0.006855,-0.184418,0.056072,0.981223
0.497862,0.497862,1.239093,-0.005167,-0.182381,0.058013,0.981501
0.49798,0.49798,1.237796,-0.005367,-0.18284,0.058,0.981416
0.494386,0.494386,1.243619,-0.005279,-0.17519,0.055645,0.982947
0.493256,0.493256,1.245039,-0.00662,-0.163043,0.051423,0.985256
0.501256,0.501256,1.253801,-0.007267,-0.154834,0.045951,0.986845
0.510425,0.510425,1.251339,-0.010348,-0.14316,0.037466,0.988936
0.531555,0.531555,1.250338,-0.012518,-0.143106,0.035953,0.988975
0.531304,0.531304,1.294562,-0.011957,-0.138459,0.037,0.989605
0.53806,0.53806,1.295804,-0.012092,-0.135546,0.035385,0.990065
0.547302,0.547302,1.311351,-0.017201,-0.119023,0.02696,0.992376
0.551566,0.551566,1.329358,-0.01923,-0.097178,0.022404,0.994829
0.553319,0.553319,1.362566,-0.02,-0.065639,0.016946,0.997499
0.561061,0.561061,1.384139,-0.024447,-0.035765,0.010152,0.99901
0.575964,0.575964,1.434773,-0.025854,-0.011904,0.005721,0.999578
0.589799,0.589799,1.455027,-0.026988,0.016216,-0.001331,0.999503
0.610026,0.610026,1.475924,-0.030225,0.043932,-0.011031,0.998516
0.641498,0.641498,1.559271,-0.031293,0.067327,-0.017068,0.997094
0.646464,0.646464,1.577633,-0.036267,0.088828,-0.024098,0.995095
0.664257,0.664257,1.598188,-0.037977,0.116841,-0.027297,0.992049
0.701092,0.701092,1.637642,-0.041459,0.148341,-0.042505,0.987152
0.727017,0.727017,1.653566,-0.045637,0.174199,-0.050435,0.982359
0.772652,0.772652,1.718843,-0.048026,0.200058,-0.057115,0.976938
0.80748,0.80748,1.733526,-0.049164,0.220529,-0.064376,0.972011
0.837908,0.837908,1.750845,-0.061273,0.24996,-0.074643,0.963428
0.877284,0.877284,1.788393,-0.068439,0.277433,-0.078494,0.955084
0.940004,0.940004,1.830213,-0.055412,0.314166,-0.086983,0.94375
0.973214,0.973214,1.83902,-0.059677,0.3347,-0.092401,0.935883
1.00005,1.00005,1.84566,-0.062916,0.352796,-0.09645,0.928587
1.02747,1.02747,1.85315,-0.070202,0.370255,-0.103556,0.920467
1.046189,1.046189,1.859807,-0.076548,0.389488,-0.106458,0.91165
1.083188,1.083188,1.863443,-0.073897,0.404283,-0.113334,0.904572
1.118498,1.118498,1.87925,-0.07374,0.421043,-0.119772,0.896069
1.145646,1.145646,1.880277,-0.076916,0.439648,-0.122114,0.886499
1.192477,1.192477,1.893525,-0.076174,0.456841,-0.127423,0.877073
1.241485,1.241485,1.892857,-0.073156,0.469693,-0.132483,0.869761
1.268631,1.268631,1.891198,-0.072734,0.481732,-0.136712,0.862528
1.295071,1.295071,1.88929,-0.072087,0.495719,-0.143488,0.853509
1.316952,1.316952,1.893416,-0.075996,0.516453,-0.148291,0.839947
1.368756,1.368756,1.876047,-0.065152,0.527001,-0.15355,0.833335
1.389001,1.389001,1.873335,-0.06994,0.541129,-0.15431,0.823697
1.425698,1.425698,1.856178,-0.068095,0.553955,-0.156525,0.81486
1.476339,1.476339,1.835127,-0.068083,0.559839,-0.156958,0.810746
1.504507,1.504507,1.819348,-0.069645,0.567291,-0.161436,0.80453
1.551336,1.551336,1.7998,-0.066351,0.571841,-0.163293,0.801206
1.621654,1.621654,1.808576,-0.063169,0.57924,-0.166531,0.795461
1.671937,1.671937,1.814626,-0.06274,0.58015,-0.169921,0.794114
1.73394,1.73394,1.813384,-0.054592,0.575746,-0.161925,0.799573
1.798262,1.798262,1.808653,-0.051268,0.558862,-0.16199,0.811667
1.871082,1.871082,1.831261,-0.044862,0.548992,-0.153757,0.820337
1.921807,1.921807,1.85137,-0.041113,0.5418,-0.151328,0.82575
1.955813,1.955813,1.85751,-0.035813,0.539196,-0.146227,0.828615
1.995174,1.995174,1.862255,-0.037376,0.529609,-0.14982,0.834069
2.031126,2.031126,1.8764,-0.037134,0.52471,-0.148656,0.837378
2.082864,2.082864,1.898851,-0.033153,0.519921,-0.146443,0.840915
2.121609,2.121609,1.906264,-0.028349,0.520292,-0.144115,0.841263
2.155229,2.155229,1.909064,-0.02299,0.517643,-0.141611,0.843483
2.188293,2.188293,1.915154,-0.020733,0.51886,-0.146532,0.841952
2.239245,2.239245,1.929983,-0.015679,0.517989,-0.144328,0.842977
2.259643,2.259643,1.931269,-0.013862,0.520283,-0.1439,0.841669
2.287462,2.287462,1.937019,-0.012578,0.519045,-0.146423,0.842018
2.304093,2.304093,1.938309,-0.012538,0.520587,-0.146409,0.841068
2.352089,2.352089,1.95787,-0.010172,0.522787,-0.142832,0.840351
2.380972,2.380972,1.945454,-0.000542,0.521122,-0.137249,0.842374
2.397283,2.397283,1.941444,-0.009027,0.515667,-0.145174,0.844352
2.410364,2.410364,1.950024,-0.014792,0.519623,-0.145623,0.841765
2.436041,2.436041,1.959499,-0.020015,0.517134,-0.143346,0.843578
2.494963,2.494963,1.971869,-0.006206,0.51412,-0.142449,0.845784
2.522774,2.522774,1.980433,-0.006293,0.516187,-0.142643,0.844491
2.57607,2.57607,1.988066,0.000395,0.515172,-0.134156,0.846522
2.601606,2.601606,1.992781,0.000804,0.516508,-0.139442,0.844852
2.627261,2.627261,1.992041,-0.000337,0.516132,-0.1405,0.844907
2.647605,2.647605,1.99212,-0.000738,0.517888,-0.138016,0.844241
2.699605,2.699605,2.007238,0.003469,0.518248,-0.138541,0.843928
2.721107,2.721107,2.010094,0.005547,0.518344,-0.138626,0.843843
2.745293,2.745293,2.008324,0.005152,0.518698,-0.137856,0.843755
2.753927,2.753927,2.00793,0.000964,0.519473,-0.138684,0.843157
2.785122,2.785122,2.008738,-0.000324,0.519001,-0.139329,0.843342
2.800721,2.800721,2.00928,-0.004738,0.520188,-0.139308,0.8426
2.817467,2.817467,2.011368,-0.005969,0.520715,-0.139352,0.84226
2.839588,2.839588,2.011864,-0.005123,0.519847,-0.139615,0.842758
2.863053,2.863053,2.007912,-0.005729,0.51937,-0.138608,0.843214
2.889628,2.889628,2.007793,-0.006977,0.519992,-0.140387,0.842527
2.917337,2.917337,2.016569,-0.00699,0.520518,-0.140114,0.842247
2.934064,2.934064,2.014853,-0.008754,0.521879,-0.142056,0.841062
2.950089,2.950089,2.012366,-0.008936,0.520799,-0.14178,0.841776
2.972168,2.972168,2.007849,-0.010176,0.521074,-0.141188,0.841691
2.992538,2.992538,2.006902,-0.013981,0.521382,-0.140584,0.841547
3.007906,3.007906,2.006031,-0.015657,0.522438,-0.145748,0.839983
3.031314,3.031314,2.000828,-0.015389,0.521313,-0.147275,0.84042
3.042655,3.042655,2.001082,-0.016342,0.522309,-0.147703,0.839708
3.055995,3.055995,2.004573,-0.020054,0.525588,-0.151585,0.836885
3.084176,3.084176,1.999412,-0.019283,0.523565,-0.157669,0.837048
3.095444,3.095444,1.998014,-0.021172,0.525746,-0.157526,0.83566
3.102422,3.102422,2.000847,-0.022078,0.526571,-0.156946,0.835226
3.130654,3.130654,1.99618,-0.018983,0.523618,-0.155048,0.83751
3.159035,3.159035,1.994144,-0.017321,0.522076,-0.161996,0.837194
3.195181,3.195181,2.003767,-0.010388,0.522101,-0.156489,0.83834
3.22194,3.22194,2.01127,-0.009491,0.521697,-0.160726,0.8378
3.251275,3.251275,2.019419,-0.009176,0.521603,-0.160453,0.837915
3.262224,3.262224,2.024781,-0.010595,0.523118,-0.160255,0.836991
3.269394,3.269394,2.028082,-0.009654,0.523786,-0.156654,0.837266
3.284185,3.284185,2.023253,-0.010175,0.523887,-0.156122,0.837296
3.30571,3.30571,2.029429,-0.009331,0.524209,-0.157185,0.836906
3.322305,3.322305,2.025985,-0.009729,0.525472,-0.158139,0.835929
3.341211,3.341211,2.019816,-0.01113,0.525297,-0.157691,0.836106
3.368829,3.368829,2.012274,-0.008556,0.52584,-0.153298,0.836612
3.383001,3.383001,2.014475,-0.010798,0.529717,-0.157304,0.83339
3.403164,3.403164,2.014522,-0.012272,0.533475,-0.160146,0.830426
3.421343,3.421343,2.010906,-0.010596,0.534718,-0.158359,0.829992
3.445136,3.445136,1.998778,-0.008343,0.53504,-0.157364,0.829999
3.481395,3.481395,1.986974,-0.007944,0.53334,-0.156962,0.831173
3.502275,3.502275,1.974415,-0.004885,0.53209,-0.156952,0.831999
3.527873,3.527873,1.961476,-0.006753,0.531603,-0.15653,0.832377
3.536814,3.536814,1.958006,-0.008854,0.532811,-0.156218,0.831643
3.560585,3.560585,1.950299,-0.011362,0.534562,-0.157257,0.830292
3.578969,3.578969,1.944802,-0.014786,0.535979,-0.158967,0.828998
3.598556,3.598556,1.935367,-0.014768,0.536857,-0.153931,0.82938
3.625129,3.625129,1.924969,-0.01524,0.536464,-0.153788,0.829653
3.636258,3.636258,1.921766,-0.016063,0.53829,-0.155601,0.828115
3.650474,3.650474,1.914889,-0.014918,0.539265,-0.154272,0.82775
3.670628,3.670628,1.906836,-0.016524,0.539013,-0.152935,0.828132
3.716577,3.716577,1.886152,-0.016373,0.54015,-0.156585,0.826711
3.728703,3.728703,1.884443,-0.015587,0.543751,-0.156319,0.824413
3.737438,3.737438,1.881966,-0.018205,0.548396,-0.157751,0.821003
3.740191,3.740191,1.882377,-0.018525,0.553694,-0.159996,0.816995
3.742962,3.742962,1.881837,-0.019971,0.558861,-0.159312,0.81357
3.755394,3.755394,1.876847,-0.021148,0.561223,-0.16032,0.811714
3.797512,3.797512,1.863139,-0.019263,0.563998,-0.160719,0.809756
3.81688,3.81688,1.859137,-0.020594,0.568592,-0.163045,0.806037
3.83507,3.83507,1.849879,-0.024033,0.572865,-0.162288,0.803063
3.85048,3.85048,1.843652,-0.026046,0.576959,-0.164227,0.799669
3.872187,3.872187,1.836698,-0.026936,0.582603,-0.164678,0.795443
3.919641,3.919641,1.82515,-0.025019,0.588873,-0.162015,0.791425
3.942161,3.942161,1.817151,-0.026076,0.596792,-0.163647,0.785098
3.972363,3.972363,1.800323,-0.03266,0.603858,-0.164263,0.779298
4.051388,4.051388,1.779134,-0.030995,0.609771,-0.163039,0.775008
4.088523,4.088523,1.765661,-0.033327,0.61844,-0.164395,0.767721
4.164083,4.164083,1.735419,-0.039823,0.628998,-0.160571,0.7596
4.194986,4.194986,1.717216,-0.045658,0.636695,-0.159265,0.753107
4.250614,4.250614,1.69717,-0.054183,0.64957,-0.157535,0.741826
4.285625,4.285625,1.682736,-0.058097,0.665313,-0.156737,0.727611
4.337703,4.337703,1.653849,-0.059238,0.676687,-0.16056,0.716105
4.368124,4.368124,1.642559,-0.062959,0.69176,-0.167608,0.69958
4.393924,4.393924,1.633118,-0.068557,0.706618,-0.166673,0.684259
4.457757,4.457757,1.596706,-0.072139,0.720411,-0.172598,0.667843
4.481146,4.481146,1.573029,-0.077621,0.731723,-0.174071,0.654413
4.538388,4.538388,1.531842,-0.078183,0.74494,-0.176021,0.638724
4.558984,4.558984,1.508974,-0.079387,0.754043,-0.176663,0.62762
4.597973,4.597973,1.480806,-0.080346,0.760771,-0.179437,0.618526
4.61939,4.61939,1.45253,-0.085684,0.771562,-0.181309,0.603719
4.643555,4.643555,1.421536,-0.08782,0.781731,-0.183927,0.589368
4.674626,4.674626,1.389213,-0.085392,0.788031,-0.185212,0.580871
4.709001,4.709001,1.364335,-0.086897,0.799746,-0.188713,0.563244
4.726601,4.726601,1.341978,-0.090459,0.810116,-0.191394,0.546716
4.775962,4.775962,1.297624,-0.086428,0.821178,-0.191554,0.530569
4.792093,4.792093,1.278911,-0.088729,0.829323,-0.196034,0.515676
4.805099,4.805099,1.253269,-0.090999,0.835434,-0.197745,0.504645
4.850664,4.850664,1.175209,-0.083127,0.839043,-0.198917,0.499528
4.862124,4.862124,1.130423,-0.086727,0.843678,-0.201001,0.490187
4.870753,4.870753,1.095217,-0.088566,0.84924,-0.197342,0.481667
4.909778,4.909778,1.040585,-0.089675,0.852509,-0.203175,0.473188
4.916503,4.916503,1.014169,-0.0887,0.857039,-0.202938,0.465223
4.929585,4.929585,0.981417,-0.093745,0.858006,-0.20178,0.462949
4.963995,4.963995,0.950848,-0.09194,0.859777,-0.203642,0.459196
4.974339,4.974339,0.929638,-0.095367,0.86142,-0.203107,0.455641
5.006174,5.006174,0.890906,-0.09417,0.864498,-0.202064,0.450495
5.043531,5.043531,0.849097,-0.091806,0.865655,-0.203761,0.44799
5.087199,5.087199,0.807911,-0.092188,0.869352,-0.203485,0.44082
5.115956,5.115956,0.75825,-0.090432,0.870069,-0.209301,0.437029
5.145076,5.145076,0.708256,-0.091178,0.875802,-0.208809,0.425507
5.200868,5.200868,0.645948,-0.089255,0.880702,-0.210529,0.414819
5.22191,5.22191,0.618985,-0.092276,0.884674,-0.210787,0.40547
5.242579,5.242579,0.575935,-0.089793,0.889807,-0.212626,0.393664
5.286266,5.286266,0.53256,-0.088406,0.89428,-0.215462,0.382131
5.290774,5.290774,0.50253,-0.088641,0.896344,-0.212841,0.378695
5.29757,5.29757,0.473535,-0.091029,0.898139,-0.212675,0.373937
5.317677,5.317677,0.432976,-0.087785,0.899134,-0.213227,0.372002
5.320029,5.320029,0.396338,-0.091054,0.901119,-0.214254,0.365772
5.351855,5.351855,0.340411,-0.084418,0.902203,-0.214837,0.364346
5.363431,5.363431,0.316159,-0.08704,0.902337,-0.2122,0.364942
5.360421,5.360421,0.283396,-0.090252,0.900722,-0.210978,0.368841
5.355939,5.355939,0.261768,-0.09275,0.900374,-0.208566,0.370439
5.3793,5.3793,0.229688,-0.093295,0.900783,-0.211259,0.367772
5.385542,5.385542,0.194899,-0.095402,0.903024,-0.211197,0.36172
5.409135,5.409135,0.151416,-0.093543,0.904068,-0.212491,0.35883
5.411172,5.411172,0.1125,-0.096037,0.906624,-0.209725,0.353305
5.441891,5.441891,0.060021,-0.096895,0.908173,-0.214507,0.34615
5.459734,5.459734,0.016378,-0.096399,0.909886,-0.214585,0.341714
5.465543,5.465543,-0.014539,-0.099268,0.911263,-0.214433,0.33729
5.484922,5.484922,-0.058043,-0.097027,0.912764,-0.21459,0.333763
5.48934,5.48934,-0.08924,-0.097676,0.914155,-0.214873,0.32956
5.521463,5.521463,-0.140943,-0.097575,0.915563,-0.216783,0.32439
5.530187,5.530187,-0.183475,-0.099221,0.916964,-0.216227,0.320278
5.531733,5.531733,-0.213146,-0.102426,0.917762,-0.216292,0.316922
5.583463,5.583463,-0.276926,-0.099058,0.920037,-0.218774,0.309608
5.58569,5.58569,-0.308605,-0.102137,0.920919,-0.220917,0.30442
5.586349,5.586349,-0.338798,-0.102622,0.922106,-0.220437,0.300995
5.598409,5.598409,-0.365295,-0.103388,0.923852,-0.219368,0.296117
5.606965,5.606965,-0.387286,-0.101514,0.926177,-0.21872,0.28992
5.601687,5.601687,-0.411413,-0.102562,0.926607,-0.218364,0.288439
5.61962,5.61962,-0.438424,-0.105373,0.928771,-0.217584,0.280958
5.614993,5.614993,-0.462074,-0.10879,0.929442,-0.2187,0.276536
5.641947,5.641947,-0.497827,-0.105187,0.93101,-0.217847,0.27331
5.649883,5.649883,-0.53014,-0.106213,0.931987,-0.219439,0.268264
5.646272,5.646272,-0.558247,-0.106806,0.932364,-0.222672,0.264022
5.774919,5.774919,-0.700393,-0.099546,0.933857,-0.231724,0.253585
5.795322,5.795322,-0.747112,-0.100616,0.934625,-0.233812,0.248362
5.774821,5.774821,-0.757892,-0.10164,0.933836,-0.237487,0.247427
5.803204,5.803204,-0.805421,-0.095255,0.937018,-0.234893,0.240308
5.799908,5.799908,-0.819527,-0.095887,0.937131,-0.238225,0.236303
5.878401,5.878401,-0.90402,-0.095349,0.939071,-0.239259,0.227614
5.89005,5.89005,-0.923715,-0.095889,0.939716,-0.24086,0.222992
5.897642,5.897642,-0.958534,-0.098766,0.938925,-0.244214,0.221416
5.909043,5.909043,-0.986014,-0.09432,0.940235,-0.247698,0.213792
5.931843,5.931843,-1.013262,-0.094742,0.940994,-0.252711,0.204184
5.936617,5.936617,-1.046724,-0.095617,0.943219,-0.254201,0.191254
5.928816,5.928816,-1.051652,-0.097481,0.944632,-0.254074,0.18334
5.937571,5.937571,-1.070811,-0.095232,0.945484,-0.257245,0.175543
5.946293,5.946293,-1.090499,-0.095979,0.947976,-0.256897,0.161659
5.949019,5.949019,-1.109764,-0.097611,0.950565,-0.255241,0.147477
5.950466,5.950466,-1.131576,-0.094287,0.95283,-0.256127,0.132758
5.948199,5.948199,-1.163964,-0.094396,0.954403,-0.256515,0.120017
5.946757,5.946757,-1.174369,-0.093733,0.956397,-0.256196,0.104324
5.945398,5.945398,-1.185802,-0.096074,0.957419,-0.257659,0.087921
5.93771,5.93771,-1.195892,-0.096194,0.958834,-0.256395,0.075143
5.938972,5.938972,-1.217946,-0.096734,0.960539,-0.253713,0.060304
5.944501,5.944501,-1.220106,-0.097106,0.960843,-0.255567,0.04512
5.949638,5.949638,-1.24569,-0.095736,0.961477,-0.255932,0.029909
5.955363,5.955363,-1.250643,-0.09454,0.962038,-0.255493,0.016391
5.945833,5.945833,-1.265106,-0.095512,0.962056,-0.255539,0.005155
5.934584,5.934584,-1.279879,-0.094847,0.961551,-0.257675,-0.005239
5.9395,5.9395,-1.283749,-0.094022,0.961389,-0.257845,-0.020168
5.93654,5.93654,-1.328733,-0.097983,0.960431,-0.258301,-0.035389
5.921111,5.921111,-1.353823,-0.095646,0.959656,-0.259617,-0.050113
5.910471,5.910471,-1.365415,-0.095917,0.959043,-0.25964,-0.060195
5.902759,5.902759,-1.374538,-0.095127,0.95887,-0.258336,-0.069149
5.909572,5.909572,-1.392796,-0.093159,0.95777,-0.25928,-0.082287
5.90333,5.90333,-1.405165,-0.096896,0.956119,-0.258015,-0.099373
5.905424,5.905424,-1.411274,-0.096663,0.954725,-0.258594,-0.110845
5.912674,5.912674,-1.422142,-0.093943,0.953269,-0.257728,-0.126608
5.915439,5.915439,-1.431335,-0.088729,0.9516,-0.256177,-0.144768
5.911358,5.911358,-1.444611,-0.088099,0.947544,-0.254936,-0.171483
5.90478,5.90478,-1.459752,-0.089817,0.943267,-0.253007,-0.195364
5.89912,5.89912,-1.472213,-0.092051,0.938437,-0.250774,-0.219031
5.903281,5.903281,-1.483656,-0.091904,0.931963,-0.248745,-0.247233
5.894351,5.894351,-1.496124,-0.091389,0.926036,-0.246811,-0.270538
5.872571,5.872571,-1.507129,-0.091516,0.919606,-0.245644,-0.292589
5.87768,5.87768,-1.515495,-0.090699,0.912317,-0.244766,-0.315502
5.872643,5.872643,-1.523709,-0.090114,0.904523,-0.243395,-0.338344
5.858846,5.858846,-1.531505,-0.087839,0.896184,-0.241083,-0.361964
5.829538,5.829538,-1.561136,-0.091532,0.885725,-0.23907,-0.387245
5.79454,5.79454,-1.617721,-0.0901,0.877642,-0.23928,-0.405428
5.815697,5.815697,-1.617409,-0.086871,0.864249,-0.235956,-0.43572
5.827949,5.827949,-1.622237,-0.085685,0.856169,-0.23447,-0.452391
5.81334,5.81334,-1.634068,-0.084694,0.849415,-0.234345,-0.465191
5.810717,5.810717,-1.640059,-0.079722,0.841441,-0.231334,-0.481773
5.798982,5.798982,-1.639779,-0.077686,0.833931,-0.228047,-0.496506
5.784592,5.784592,-1.640627,0.078992,-0.828934,0.223116,0.506802
5.775426,5.775426,-1.641339,0.076902,-0.822133,0.219282,0.51971
5.748125,5.748125,-1.628091,0.073923,-0.818795,0.217518,0.526113
5.741018,5.741018,-1.628322,0.075151,-0.812976,0.216366,0.535359
5.701799,5.701799,-1.614517,0.073412,-0.810312,0.212784,0.541043
5.697648,5.697648,-1.613047,0.074355,-0.807617,0.211054,0.545603
5.692654,5.692654,-1.611972,0.075488,-0.805115,0.205616,0.551192
5.606043,5.606043,-1.594137,0.072439,-0.810224,0.203359,0.544917
5.603777,5.603777,-1.594557,0.069093,-0.807039,0.201918,0.550585
5.590415,5.590415,-1.589405,0.070102,-0.803751,0.196122,0.557321
5.584656,5.584656,-1.586832,0.07068,-0.80422,0.194949,0.556982
5.505486,5.505486,-1.567688,0.070802,-0.809917,0.195644,0.548403
5.421543,5.421543,-1.585751,0.069789,-0.811271,0.202696,0.543952
5.408557,5.408557,-1.577065,0.070925,-0.813226,0.201093,0.541475
5.373559,5.373559,-1.566352,0.071052,-0.816773,0.200837,0.536188
5.359344,5.359344,-1.570737,0.070283,-0.816999,0.199584,0.536413
5.282405,5.282405,-1.565988,0.074191,-0.820316,0.203509,0.529303
5.25722,5.25722,-1.560626,0.073345,-0.823061,0.20117,0.526044
5.199125,5.199125,-1.558995,0.074667,-0.826241,0.203493,0.519944
5.194124,5.194124,-1.559429,0.073146,-0.827653,0.200306,0.519151
5.178341,5.178341,-1.560202,0.075307,-0.827426,0.200174,0.519255
5.14504,5.14504,-1.566804,0.074263,-0.828183,0.201629,0.517633
5.135426,5.135426,-1.562702,0.073439,-0.829773,0.198401,0.51645
5.116378,5.116378,-1.565355,0.074768,-0.829965,0.198751,0.515815
5.106703,5.106703,-1.565412,0.075032,-0.831032,0.197666,0.514474
5.076344,5.076344,-1.573323,0.073362,-0.831369,0.195903,0.514845
5.066222,5.066222,-1.5687,0.074935,-0.832348,0.194547,0.513549
5.043811,5.043811,-1.565236,0.076148,-0.832662,0.19627,0.512205
5.038611,5.038611,-1.569259,0.076768,-0.833048,0.193398,0.512576
5.024902,5.024902,-1.568488,0.076504,-0.834142,0.191705,0.511472
4.978994,4.978994,-1.596696,0.07759,-0.832452,0.19408,0.513162
4.964828,4.964828,-1.587157,0.076523,-0.834176,0.190567,0.511839
4.950956,4.950956,-1.587333,0.077956,-0.833968,0.19213,0.511377
4.917216,4.917216,-1.605402,0.077548,-0.833596,0.191185,0.512399
4.905369,4.905369,-1.605346,0.078074,-0.833456,0.190521,0.512793
4.865767,4.865767,-1.61667,0.077719,-0.833569,0.194958,0.510993
4.854376,4.854376,-1.608311,0.078588,-0.83431,0.194854,0.509688
4.833384,4.833384,-1.622408,0.087058,-0.834802,0.188362,0.509947
4.81181,4.81181,-1.637274,0.105877,-0.839994,0.165688,0.505714
4.795457,4.795457,-1.644436,0.106821,-0.842924,0.153395,0.504518
4.73654,4.73654,-1.64354,0.0811,-0.844079,0.158936,0.50566
4.717497,4.717497,-1.647606,0.080094,-0.846003,0.159691,0.502356
4.692797,4.692797,-1.653723,0.077704,-0.847181,0.15843,0.501145
4.648311,4.648311,-1.682919,0.087027,-0.843695,0.159589,0.50511
4.635298,4.635298,-1.680194,0.09182,-0.842816,0.160074,0.505576
4.602272,4.602272,-1.68451,0.097898,-0.841718,0.166312,0.504249
4.575919,4.575919,-1.686656,-0.107041,0.841071,-0.180954,-0.498395
4.554559,4.554559,-1.690605,-0.107779,0.841209,-0.184654,-0.496643
4.533477,4.533477,-1.707319,-0.111796,0.840031,-0.180222,-0.49937
4.519176,4.519176,-1.710507,-0.113891,0.83989,-0.180946,-0.49887
4.480342,4.480342,-1.731516,-0.113101,0.838786,-0.185009,-0.499418
4.467018,4.467018,-1.739195,-0.112009,0.838025,-0.187662,-0.499951
4.454306,4.454306,-1.737704,-0.112966,0.837659,-0.191241,-0.498993
4.437429,4.437429,-1.742264,-0.113779,0.836749,-0.196589,-0.498256
4.390851,4.390851,-1.765188,-0.114843,0.835127,-0.200354,-0.499232
4.383624,4.383624,-1.764377,-0.113896,0.835331,-0.199694,-0.499372
4.369182,4.369182,-1.756547,-0.114851,0.83626,-0.199247,-0.497774
4.342952,4.342952,-1.766001,-0.113634,0.835601,-0.203477,-0.497449
4.319428,4.319428,-1.77689,-0.114017,0.835043,-0.202237,-0.498802
4.30087,4.30087,-1.780376,-0.111983,0.834764,-0.204201,-0.498929
4.248167,4.248167,-1.804481,-0.11082,0.83437,-0.207743,-0.498386
4.21632,4.21632,-1.804685,-0.11452,0.833853,-0.211685,-0.496753
4.191174,4.191174,-1.813495,-0.116508,0.833129,-0.213226,-0.496846
4.126825,4.126825,-1.841407,-0.116795,0.831896,-0.216582,-0.497393
4.087948,4.087948,-1.864249,-0.122411,0.831139,-0.216369,-0.497401
4.061925,4.061925,-1.871274,-0.123416,0.831455,-0.21488,-0.497269
4.039767,4.039767,-1.869676,-0.121893,0.831263,-0.21734,-0.496898
3.971653,3.971653,-1.908798,-0.1234,0.829047,-0.227143,-0.495843
3.949342,3.949342,-1.916694,-0.124507,0.828082,-0.226816,-0.497326
3.87917,3.87917,-1.933896,-0.12804,0.827439,-0.233072,-0.494599
3.830499,3.830499,-1.954891,-0.128125,0.826677,-0.235436,-0.494731
3.789439,3.789439,-1.96761,-0.12502,0.826989,-0.234729,-0.49534
3.719379,3.719379,-1.989637,-0.122147,0.827132,-0.239041,-0.493753
3.658342,3.658342,-2.015808,-0.121433,0.828442,-0.232419,-0.494893
3.571803,3.571803,-2.038983,-0.115366,0.830238,-0.233519,-0.492812
3.455748,3.455748,-2.081462,-0.117388,0.828965,-0.238883,-0.491906
3.394709,3.394709,-2.052857,-0.118367,0.825753,-0.232794,-0.499928
3.319872,3.319872,-2.042687,0.112423,-0.817684,0.229592,0.515792
3.24365,3.24365,-2.028373,0.107146,-0.806737,0.22563,0.535523
3.20424,3.20424,-2.028258,0.107183,-0.794263,0.220309,0.555987
3.1846,3.1846,-2.023527,0.100727,-0.788239,0.222499,0.564825
3.164718,3.164718,-2.025141,0.100833,-0.777359,0.218541,0.581193
3.146273,3.146273,-2.018992,0.103116,-0.765624,0.214232,0.597739
3.129643,3.129643,-2.011456,0.101731,-0.754417,0.209874,0.613563
3.118794,3.118794,-2.008103,0.100429,-0.742972,0.208201,0.62814
3.098309,3.098309,-2.001596,0.1018,-0.731872,0.207498,0.64105
3.088028,3.088028,-1.997755,0.099301,-0.717902,0.204872,0.657863
3.080802,3.080802,-1.992159,0.101602,-0.709199,0.204225,0.667088
3.071686,3.071686,-1.985041,0.094912,-0.699341,0.20421,0.678389
2.987603,2.987603,-1.975001,0.092806,-0.688575,0.209239,0.688092
2.954063,2.954063,-1.979487,0.091363,-0.674646,0.209631,0.701826
2.941622,2.941622,-1.983732,0.089029,-0.66512,0.208861,0.711383
2.922445,2.922445,-1.968893,0.087064,-0.660676,0.207638,0.71611
2.78694,2.78694,-1.958049,0.085064,-0.653094,0.20256,0.724708
2.769603,2.769603,-1.936056,0.082509,-0.642245,0.199226,0.735542
2.745964,2.745964,-1.926466,0.079939,-0.625984,0.20028,0.749428
2.73278,2.73278,-1.925442,0.077293,-0.609806,0.199923,0.763016
2.73026,2.73026,-1.927142,0.071725,-0.592684,0.198176,0.777372
2.728294,2.728294,-1.920036,0.073667,-0.582999,0.193305,0.785696
2.7277,2.7277,-1.925125,0.070333,-0.573371,0.190061,0.793836
2.727818,2.727818,-1.933561,0.069864,-0.563218,0.186157,0.802029
2.719468,2.719468,-1.92413,0.070973,-0.555946,0.178386,0.808743
2.716933,2.716933,-1.92524,0.069245,-0.545981,0.177661,0.81581
2.717548,2.717548,-1.93299,0.067875,-0.535831,0.176009,0.822982
2.717491,2.717491,-1.953562,0.060481,-0.527844,0.175052,0.828902
2.71936,2.71936,-1.972962,0.056205,-0.519511,0.17407,0.834655
2.704176,2.704176,-1.963356,0.054906,-0.509264,0.169143,0.842037
2.695575,2.695575,-1.94738,0.054674,-0.498004,0.162461,0.850065
2.691195,2.691195,-1.94332,0.054423,-0.488069,0.156015,0.857022
2.677372,2.677372,-1.946834,0.050187,-0.47744,0.15609,0.863231
2.676449,2.676449,-1.949256,0.046409,-0.472597,0.155401,0.866227
2.674953,2.674953,-1.962078,0.042713,-0.464202,0.157069,0.870644
2.670575,2.670575,-1.957359,0.04148,-0.456731,0.154177,0.87516
2.646001,2.646001,-1.940326,0.043621,-0.446915,0.149109,0.880983
2.638101,2.638101,-1.923974,0.04122,-0.435575,0.147662,0.887001
2.634578,2.634578,-1.924307,0.040268,-0.424309,0.142774,0.893284
2.608512,2.608512,-1.908611,0.041231,-0.412816,0.14185,0.898756
2.602914,2.602914,-1.901886,0.038689,-0.402937,0.136554,0.904156
2.60242,2.60242,-1.899155,0.037578,-0.395523,0.132928,0.908008
2.594707,2.594707,-1.888873,0.034626,-0.38442,0.129484,0.913376
2.590477,2.590477,-1.884969,0.034241,-0.372386,0.124545,0.919046
2.587458,2.587458,-1.880658,0.033306,-0.361454,0.120519,0.923968
2.586542,2.586542,-1.875772,0.03068,-0.35173,0.117668,0.92817
0.076028,0.076028,-0.007328,-0.002201,-0.039216,0.011915,0.999157
0.050966,0.050966,0.03747,-0.005712,-0.021084,0.007741,0.999731
0.059578,0.059578,0.067055,-0.004843,-0.002857,0.004925,0.999972
0.066381,0.066381,0.106082,-0.008273,0.021804,-0.003326,0.999722
0.086845,0.086845,0.123545,-0.012512,0.029401,-0.005097,0.999476
0.121289,0.121289,0.147629,-0.016887,0.041975,-0.009182,0.998934
0.146829,0.146829,0.167251,-0.018288,0.046199,-0.010451,0.99871
0.195509,0.195509,0.201909,-0.020562,0.040559,-0.010269,0.998913
0.242527,0.242527,0.192535,-0.007923,0.03166,-0.000158,0.999467
0.266598,0.266598,0.213095,-0.008878,0.02862,0.002437,0.999548
0.296538,0.296538,0.231556,-0.014812,0.023343,0.005176,0.999604
0.323134,0.323134,0.26111,-0.018836,0.02212,0.00139,0.999577
0.275447,0.275447,0.222993,-0.014848,0.029063,0.002068,0.999465
0.27727,0.27727,0.22296,-0.014191,0.028477,0.002076,0.999492
0.274679,0.274679,0.221308,-0.014117,0.028884,0.001978,0.999481
0.274572,0.274572,0.220065,-0.014141,0.028613,0.002222,0.999488
0.274422,0.274422,0.220298,-0.014256,0.028657,0.0025,0.999484
0.274452,0.274452,0.220854,-0.014651,0.029121,0.001756,0.999467
0.278406,0.278406,0.223905,-0.014345,0.028452,0.002524,0.999489
0.276796,0.276796,0.222569,-0.014502,0.028587,0.002493,0.999483
0.279313,0.279313,0.224915,-0.014475,0.027989,0.002488,0.9995
0.278251,0.278251,0.223895,-0.014301,0.028403,0.002267,0.999492
0.279381,0.279381,0.22512,-0.014476,0.028178,0.002824,0.999494
0.27627,0.27627,0.222136,-0.014087,0.028628,0.002249,0.999488
0.278464,0.278464,0.224367,-0.014702,0.028315,0.001475,0.99949
0.279135,0.279135,0.224988,-0.014314,0.028369,0.002261,0.999492
0.277885,0.277885,0.223494,-0.014326,0.02858,0.002382,0.999486
0.28081,0.28081,0.222921,-0.01481,0.027863,0.002034,0.9995
0.28069,0.28069,0.222868,-0.015051,0.027804,0.003122,0.999495
0.279674,0.279674,0.221979,-0.014904,0.02786,0.00218,0.999498
0.282338,0.282338,0.22757,-0.01414,0.027633,0.002424,0.999515
0.27946,0.27946,0.22519,-0.013764,0.027962,0.003105,0.999509
0.297311,0.297311,0.240497,-0.016117,0.025938,0.0037,0.999527
0.318086,0.318086,0.258708,-0.018106,0.022802,0.003534,0.99957
0.329154,0.329154,0.26841,-0.018382,0.020137,0.003924,0.999621
0.351343,0.351343,0.288232,-0.021124,0.016633,0.004032,0.99963
0.3524,0.3524,0.2889,-0.021953,0.01508,0.004704,0.999634
0.351583,0.351583,0.288476,-0.02126,0.016207,0.004075,0.999634
0.396061,0.396061,0.339547,-0.018475,0.011804,0.00128,0.999759
0.394955,0.394955,0.338933,-0.0184,0.01196,0.001558,0.999758
0.395144,0.395144,0.339075,-0.018498,0.011813,0.001003,0.999759
0.395254,0.395254,0.338668,-0.018508,0.012555,0.00083,0.99975
0.395621,0.395621,0.339242,-0.018801,0.01253,0.000768,0.999744
0.394906,0.394906,0.338252,-0.018642,0.012649,0.000456,0.999746
0.395435,0.395435,0.338911,-0.018727,0.012686,0.00074,0.999744
0.395755,0.395755,0.33939,-0.018781,0.01263,0.00085,0.999743
0.39548,0.39548,0.338928,-0.018583,0.012471,0.00066,0.999749
0.39553,0.39553,0.338812,-0.018576,0.012452,0.000586,0.99975
0.395462,0.395462,0.338777,-0.019178,0.012574,0.000478,0.999737
0.395323,0.395323,0.338891,-0.018408,0.012562,0.000487,0.999752
0.39527,0.39527,0.338886,-0.018527,0.012641,0.000369,0.999748
0.394706,0.394706,0.337875,-0.018969,0.012406,0.000646,0.999743
0.395481,0.395481,0.339224,-0.01893,0.012758,0.000475,0.999739
0.396986,0.396986,0.340976,-0.018496,0.01025,0.001376,0.999775
0.404985,0.404985,0.351802,-0.018661,0.004153,0.004311,0.999808
0.426233,0.426233,0.372703,-0.01754,-0.007881,0.006152,0.999796
0.444698,0.444698,0.391258,-0.016776,-0.01975,0.010533,0.999609
0.452856,0.452856,0.399524,-0.016202,-0.025062,0.012956,0.999471
0.460962,0.460962,0.408197,-0.015518,-0.030341,0.013578,0.999327
0.46004,0.46004,0.407554,-0.014107,-0.033263,0.017661,0.999191
0.468612,0.468612,0.416438,-0.013218,-0.036371,0.02,0.999051
0.467915,0.467915,0.415695,-0.013721,-0.035567,0.019603,0.999081
0.465986,0.465986,0.413678,-0.012871,-0.035532,0.019765,0.99909
0.476664,0.476664,0.423606,-0.013416,-0.043547,0.020297,0.998755
0.455641,0.455641,0.461818,-0.013206,-0.048435,0.022804,0.998479
0.43561,0.43561,0.499565,-0.011238,-0.057118,0.024118,0.998013
0.399826,0.399826,0.551968,-0.009306,-0.059254,0.023235,0.997929
0.380314,0.380314,0.582473,-0.006736,-0.066854,0.026912,0.997377
0.393708,0.393708,0.600995,-0.007835,-0.08198,0.029222,0.996175
0.380284,0.380284,0.632582,-0.005328,-0.091849,0.035202,0.995136
0.385398,0.385398,0.642573,-0.004442,-0.105197,0.039202,0.993668
0.380505,0.380505,0.665486,-0.007294,-0.113171,0.041664,0.992675
0.392061,0.392061,0.677526,-0.00855,-0.127666,0.046899,0.990671
0.413315,0.413315,0.700643,-0.01118,-0.144675,0.051955,0.988051
0.419499,0.419499,0.711334,-0.010409,-0.159409,0.05806,0.985449
0.430828,0.430828,0.725487,-0.012947,-0.174583,0.058724,0.982804
0.423427,0.423427,0.779723,-0.012207,-0.182047,0.062469,0.981228
0.435795,0.435795,0.79712,-0.017815,-0.191711,0.059716,0.979471
0.458306,0.458306,0.836137,-0.024969,-0.199752,0.058368,0.977788
0.471879,0.471879,0.87047,-0.028082,-0.197524,0.05676,0.97825
0.409237,0.409237,0.932581,-0.014427,-0.16836,0.050183,0.984342
0.351497,0.351497,0.987516,-0.007817,-0.141371,0.041262,0.989065
0.313477,0.313477,1.046379,0.000236,-0.117109,0.035639,0.992479
0.312528,0.312528,1.08407,-0.000976,-0.102878,0.032213,0.994172
0.313288,0.313288,1.114502,-0.002034,-0.09366,0.03091,0.995122
0.304888,0.304888,1.144575,1.3e-05,-0.081982,0.02639,0.996284
0.316223,0.316223,1.169937,-0.002062,-0.078811,0.027064,0.99652
0.319825,0.319825,1.192857,-0.002038,-0.076294,0.023636,0.996803
0.320665,0.320665,1.206936,-0.001462,-0.071324,0.022835,0.997191
0.323662,0.323662,1.229692,-0.001575,-0.071954,0.021093,0.997184
0.327981,0.327981,1.248594,-0.002819,-0.072648,0.022845,0.997092
0.335659,0.335659,1.268981,-0.003394,-0.075237,0.021683,0.996924
0.334695,0.334695,1.287565,-0.002178,-0.074051,0.021233,0.997026
0.329264,0.329264,1.295123,-0.00101,-0.072058,0.022081,0.997155
0.328511,0.328511,1.294607,-0.001114,-0.071978,0.021544,0.997173
0.332685,0.332685,1.295751,0.000579,-0.073709,0.021666,0.997044
0.32717,0.32717,1.294151,0.000509,-0.071941,0.022436,0.997156
0.332311,0.332311,1.294478,3.6e-05,-0.073545,0.022904,0.997029
0.328334,0.328334,1.293472,0.000601,-0.072614,0.022061,0.997116
0.331177,0.331177,1.293745,0.000748,-0.073493,0.02265,0.997038
0.333486,0.333486,1.297127,0.001301,-0.073954,0.021514,0.997029
0.332188,0.332188,1.298909,0.00195,-0.073919,0.022522,0.997008
0.33749,0.33749,1.297295,-4e-05,-0.075653,0.022373,0.996883
0.325803,0.325803,1.296516,0.001275,-0.071929,0.02289,0.997146
0.33245,0.33245,1.296011,0.001482,-0.074004,0.022789,0.996996
0.329086,0.329086,1.29825,0.002832,-0.073358,0.022617,0.997045
0.330524,0.330524,1.29464,-0.000452,-0.073256,0.022224,0.997065
0.327719,0.327719,1.297408,0.000401,-0.072627,0.021663,0.997124
0.333928,0.333928,1.296999,0.000441,-0.074123,0.02194,0.997008
0.327521,0.327521,1.293859,0.000717,-0.072424,0.022502,0.99712
0.329461,0.329461,1.294987,-0.000737,-0.073106,0.02197,0.997082
0.325003,0.325003,1.294138,0.000535,-0.07189,0.022097,0.997168
0.334883,0.334883,1.295912,0.002174,-0.074501,0.022722,0.99696
0.326334,0.326334,1.29333,0.00201,-0.071925,0.022105,0.997163
0.337097,0.337097,1.297021,0.000661,-0.075158,0.022453,0.996919
0.332049,0.332049,1.293856,0.001436,-0.073542,0.022627,0.997034
0.32758,0.32758,1.298033,0.001093,-0.072365,0.021163,0.997153
0.336986,0.336986,1.297429,0.000899,-0.075579,0.021722,0.996903
0.33568,0.33568,1.295105,0.001448,-0.075154,0.022338,0.996921
0.330634,0.330634,1.294145,-4.6e-05,-0.073241,0.022713,0.997056
0.331424,0.331424,1.295154,0.000614,-0.073606,0.022807,0.997026
0.332389,0.332389,1.299587,0.003529,-0.073873,0.021856,0.997022
0.33019,0.33019,1.294844,0.001203,-0.073182,0.022947,0.997054
0.333615,0.333615,1.296596,0.001326,-0.074514,0.022716,0.99696
0.335492,0.335492,1.297373,0.002712,-0.074984,0.021783,0.996943
0.336347,0.336347,1.295047,0.004005,-0.075198,0.0236,0.996881
0.33591,0.33591,1.295321,0.001799,-0.074849,0.022643,0.996936
0.331956,0.331956,1.293096,0.00269,-0.074083,0.022181,0.997002
0.338044,0.338044,1.296439,0.002447,-0.075606,0.021995,0.996892
0.335591,0.335591,1.300033,0.003983,-0.075076,0.022768,0.99691
0.33539,0.33539,1.301785,0.003019,-0.075323,0.021976,0.996912
0.334797,0.334797,1.301216,0.004263,-0.074997,0.022626,0.996918
0.336218,0.336218,1.298741,0.003184,-0.075122,0.02365,0.996889
0.332063,0.332063,1.298903,0.004292,-0.074143,0.021936,0.996997
0.334834,0.334834,1.300965,0.004771,-0.074801,0.022864,0.996925
0.331163,0.331163,1.293413,0.000725,-0.073392,0.021965,0.997061
0.332653,0.332653,1.293479,0.000357,-0.073879,0.021718,0.997031
0.33259,0.33259,1.296195,0.000194,-0.073727,0.022246,0.99703
0.333384,0.333384,1.294771,0.002296,-0.073999,0.022099,0.997011
0.332764,0.332764,1.293364,0.000441,-0.073671,0.021443,0.997052
0.337862,0.337862,1.300036,0.00195,-0.075681,0.021292,0.996903
0.333435,0.333435,1.29489,0.003488,-0.07414,0.022471,0.996988
0.334763,0.334763,1.296809,0.004817,-0.07458,0.022745,0.996944
0.333458,0.333458,1.296066,0.000134,-0.073717,0.022565,0.997024
0.330568,0.330568,1.293458,0.000577,-0.073321,0.022114,0.997063
0.332967,0.332967,1.296295,0.001899,-0.074009,0.021377,0.997027
0.331749,0.331749,1.294535,0.00127,-0.073576,0.021902,0.997048
0.33477,0.33477,1.291827,0.002159,-0.074397,0.022476,0.996973
0.336857,0.336857,1.296744,0.001213,-0.075297,0.021291,0.996933
0.329265,0.329265,1.294132,0.002149,-0.072642,0.022044,0.997112
0.332695,0.332695,1.294597,0.004029,-0.073967,0.021969,0.997011
0.331593,0.331593,1.294885,0.002316,-0.073475,0.021417,0.997064
0.33448,0.33448,1.296299,0.003629,-0.074426,0.02055,0.997008
0.339616,0.339616,1.294141,0.002416,-0.075863,0.022711,0.996857
0.330194,0.330194,1.294579,0.002609,-0.073076,0.022019,0.99708
0.33404,0.33404,1.296489,0.001929,-0.074343,0.022636,0.996974
0.336393,0.336393,1.295231,0.004437,-0.07476,0.022373,0.996941
0.340166,0.340166,1.294746,0.003318,-0.076,0.022605,0.996846
0.338056,0.338056,1.294674,0.00444,-0.075723,0.022416,0.996867
0.325171,0.325171,1.292363,0.002379,-0.071754,0.021426,0.997189
0.335223,0.335223,1.292292,0.002432,-0.074419,0.021905,0.996984
0.330464,0.330464,1.291673,0.002433,-0.073545,0.021412,0.997059
0.330956,0.330956,1.292958,0.001632,-0.07317,0.021101,0.997095
0.331295,0.331295,1.29462,0.00035,-0.073638,0.021918,0.997044
0.327338,0.327338,1.293942,0.001381,-0.072303,0.021888,0.997142
0.328171,0.328171,1.293531,0.001167,-0.072868,0.020523,0.99713
0.332123,0.332123,1.295828,0.003377,-0.073745,0.021123,0.997048
0.335289,0.335289,1.296133,0.001231,-0.074645,0.021305,0.996982
0.331007,0.331007,1.296347,0.000776,-0.073322,0.021484,0.997077
0.325461,0.325461,1.295266,0.001793,-0.071827,0.021236,0.997189
0.331112,0.331112,1.296509,0.002805,-0.073445,0.021576,0.997062
0.334542,0.334542,1.293905,0.000345,-0.07449,0.021087,0.996999
0.331519,0.331519,1.298402,0.002033,-0.073804,0.021683,0.997035
0.336941,0.336941,1.298881,0.000973,-0.075477,0.02223,0.996899
0.323758,0.323758,1.299647,0.003073,-0.071664,0.021786,0.997186
0.331547,0.331547,1.293904,0.001771,-0.073597,0.022544,0.997032
0.330568,0.330568,1.294812,0.002089,-0.072812,0.021718,0.997107
0.328558,0.328558,1.294724,0.002544,-0.072423,0.021333,0.997143
0.330729,0.330729,1.295453,0.003943,-0.073249,0.021317,0.997078
0.330755,0.330755,1.293503,0.000963,-0.072991,0.022097,0.997087
0.331508,0.331508,1.289737,0.000424,-0.073229,0.020734,0.9971
0.33113,0.33113,1.291855,0.001533,-0.073434,0.021736,0.997062
0.332892,0.332892,1.294104,0.001563,-0.073732,0.021974,0.997035
0.327354,0.327354,1.295567,0.003817,-0.072343,0.022649,0.997115
0.331492,0.331492,1.296091,0.002803,-0.073529,0.021455,0.997058
0.32659,0.32659,1.297069,0.001457,-0.072245,0.021012,0.997164
0.33661,0.33661,1.294215,0.003579,-0.075203,0.021503,0.99693
0.330071,0.330071,1.294794,0.002761,-0.072941,0.021327,0.997104
0.330955,0.330955,1.295863,0.003551,-0.07334,0.021981,0.997058
0.334817,0.334817,1.29487,0.003961,-0.074618,0.021512,0.996972
0.331444,0.331444,1.29718,0.000333,-0.073732,0.021632,0.997043
0.331053,0.331053,1.297519,0.002067,-0.073513,0.022506,0.997038
0.335625,0.335625,1.299537,0.001207,-0.074883,0.022073,0.996947
0.330701,0.330701,1.296096,0.003948,-0.073293,0.021927,0.997062
0.341058,0.341058,1.29643,0.000308,-0.076652,0.021677,0.996822
0.327847,0.327847,1.299151,0.001568,-0.072714,0.022621,0.997095
0.335994,0.335994,1.297657,0.00108,-0.075121,0.022006,0.996931
0.342706,0.342706,1.295694,-0.000351,-0.07705,0.021257,0.9968
0.343145,0.343145,1.29502,0.000338,-0.077312,0.02312,0.996739
0.342133,0.342133,1.301376,0.000545,-0.077252,0.023029,0.996745
0.332626,0.332626,1.304579,-0.000824,-0.074556,0.02295,0.996952
0.338048,0.338048,1.298395,-0.000419,-0.075506,0.022823,0.996884
0.333049,0.333049,1.29539,0.001453,-0.074043,0.022135,0.997008
0.337723,0.337723,1.297968,-0.000201,-0.075633,0.022323,0.996886
0.3255,0.3255,1.296071,0.00242,-0.071749,0.0231,0.997152
0.335113,0.335113,1.29625,0.0008,-0.074287,0.021732,0.997
0.333215,0.333215,1.297175,0.002144,-0.074297,0.021172,0.997009
0.333877,0.333877,1.297012,0.001293,-0.074171,0.023064,0.996978
0.328182,0.328182,1.297933,0.002297,-0.073017,0.020377,0.99712
0.331652,0.331652,1.299132,0.001919,-0.073955,0.022793,0.996999
0.332067,0.332067,1.294647,0.000978,-0.073322,0.021527,0.997075
0.333956,0.333956,1.292348,-0.000501,-0.073891,0.022195,0.997019
0.325994,0.325994,1.295439,-0.000341,-0.072202,0.022669,0.997132
0.331778,0.331778,1.298354,0.001239,-0.073863,0.022589,0.997012
0.3339,0.3339,1.299453,-3e-06,-0.074634,0.02105,0.996989
0.337505,0.337505,1.297114,-0.000586,-0.075961,0.022484,0.996857
0.339461,0.339461,1.299702,0.001438,-0.076265,0.021213,0.996861
0.33447,0.33447,1.295776,-6e-06,-0.07442,0.022552,0.996972
0.333106,0.333106,1.297448,0.002071,-0.073833,0.022316,0.997019
0.331684,0.331684,1.298658,0.000292,-0.073576,0.022104,0.997045
0.333091,0.333091,1.297567,0.001377,-0.073878,0.0226,0.99701
0.332983,0.332983,1.295408,0.001496,-0.073864,0.022605,0.997011
0.344417,0.344417,1.295084,-0.001545,-0.077302,0.021823,0.996768
0.33654,0.33654,1.299138,-0.000331,-0.075272,0.0213,0.996935
0.333655,0.333655,1.294134,0.001042,-0.073885,0.021756,0.997029
0.33568,0.33568,1.295002,0.000307,-0.074487,0.021465,0.996991
0.327959,0.327959,1.293558,0.000238,-0.072546,0.019994,0.997165
0.333715,0.333715,1.295301,-0.00118,-0.074382,0.023009,0.996964
0.329791,0.329791,1.298057,0.000191,-0.073057,0.021759,0.99709
0.337496,0.337496,1.296967,4.4e-05,-0.075407,0.022606,0.996897
0.332267,0.332267,1.294769,-0.000512,-0.074088,0.021593,0.997018
0.333278,0.333278,1.298377,-0.001193,-0.073791,0.021651,0.997038
0.337561,0.337561,1.293732,-0.000847,-0.074681,0.02204,0.996964
0.329437,0.329437,1.293522,0.000235,-0.072455,0.020612,0.997159
0.337926,0.337926,1.291527,-0.000178,-0.074868,0.021504,0.996962
0.325434,0.325434,1.297469,-0.002809,-0.071304,0.020723,0.997235
0.328285,0.328285,1.293855,-0.000961,-0.071983,0.022193,0.997158
0.328822,0.328822,1.296493,-0.000126,-0.072699,0.021734,0.997117
0.330384,0.330384,1.294782,0.000153,-0.073026,0.021827,0.997091
0.325208,0.325208,1.298099,-0.002195,-0.071699,0.022146,0.997178
0.334181,0.334181,1.298146,-0.000266,-0.074333,0.022004,0.996991
0.330608,0.330608,1.297453,0.00038,-0.073104,0.02257,0.997069
0.329718,0.329718,1.298638,-0.001315,-0.072671,0.021804,0.997117
0.333312,0.333312,1.29728,0.000508,-0.074104,0.021998,0.997008
0.330928,0.330928,1.301391,0.000908,-0.073468,0.021816,0.997059
0.340285,0.340285,1.299164,-1.3e-05,-0.076463,0.022241,0.996824
0.335811,0.335811,1.296295,-0.001503,-0.074621,0.022077,0.996966
0.334452,0.334452,1.299308,-0.000109,-0.074793,0.022428,0.996947
0.338773,0.338773,1.297681,-0.001174,-0.076195,0.021223,0.996866
0.321935,0.321935,1.297073,-0.000634,-0.070986,0.021553,0.997244
0.338893,0.338893,1.299218,-0.000807,-0.076026,0.021784,0.996868
0.333925,0.333925,1.299207,0.000858,-0.074259,0.022363,0.996988
0.334461,0.334461,1.299173,-0.000511,-0.074226,0.021887,0.997001
0.329954,0.329954,1.295766,0.000787,-0.072842,0.021822,0.997104
0.33659,0.33659,1.297767,-0.000459,-0.074841,0.02207,0.996951
0.333534,0.333534,1.297629,0.001289,-0.074153,0.022233,0.996998
0.335739,0.335739,1.296324,-0.001513,-0.074608,0.021989,0.996969
0.339271,0.339271,1.29766,0.00116,-0.075738,0.022219,0.99688
0.335278,0.335278,1.298504,0.000464,-0.074631,0.022291,0.996962
0.333813,0.333813,1.29531,0.000914,-0.073669,0.020825,0.997065
0.33523,0.33523,1.297142,-0.000406,-0.074613,0.020789,0.996996
0.330609,0.330609,1.295359,0.001459,-0.072939,0.021018,0.997114
0.340976,0.340976,1.296055,-0.000291,-0.076142,0.021186,0.996872
0.338273,0.338273,1.300863,-0.000677,-0.075305,0.021643,0.996925
0.338309,0.338309,1.298694,0.000448,-0.07557,0.021363,0.996912
0.340588,0.340588,1.296425,-0.00034,-0.076318,0.021863,0.996844
0.336175,0.336175,1.297539,-0.000407,-0.074809,0.021835,0.996959
0.338456,0.338456,1.297271,3.1e-05,-0.075486,0.021619,0.996912
0.329958,0.329958,1.296093,0.001142,-0.072679,0.02099,0.997134
0.332282,0.332282,1.296958,-0.000674,-0.073406,0.021706,0.997066
0.337104,0.337104,1.298496,-0.001122,-0.074979,0.021753,0.996947
0.337278,0.337278,1.298593,-7e-06,-0.075315,0.020845,0.996942
0.344372,0.344372,1.297964,0.000558,-0.077452,0.022219,0.996748
0.335551,0.335551,1.296182,0.000147,-0.074256,0.021235,0.997013
0.334578,0.334578,1.297879,-0.001201,-0.074413,0.022247,0.996979
0.334544,0.334544,1.296154,0.001141,-0.073898,0.02152,0.997033
0.335288,0.335288,1.296841,0.002092,-0.074632,0.022002,0.996966
0.330743,0.330743,1.298819,0.000496,-0.073272,0.021625,0.997077
0.33495,0.33495,1.297329,0.002269,-0.07448,0.021589,0.996986
0.334295,0.334295,1.295668,0.001609,-0.074011,0.021706,0.99702
0.337674,0.337674,1.297719,0.00053,-0.075237,0.02131,0.996938
0.336388,0.336388,1.296501,0.000587,-0.074858,0.02221,0.996947
0.335307,0.335307,1.299713,0.000702,-0.074713,0.022338,0.996955
0.330636,0.330636,1.298961,0.000189,-0.073214,0.022538,0.997061
0.33422,0.33422,1.299325,0.000981,-0.074377,0.021404,0.997
0.335848,0.335848,1.29708,-0.000102,-0.074684,0.021846,0.996968
0.337807,0.337807,1.29768,0.000721,-0.075338,0.021891,0.996917
0.338901,0.338901,1.29856,-0.000111,-0.075874,0.020998,0.996896
0.342822,0.342822,1.296839,0.000188,-0.076808,0.021732,0.996809
0.335391,0.335391,1.29812,0.001219,-0.074558,0.021139,0.996992
0.336622,0.336622,1.299276,0.000421,-0.074742,0.022024,0.99696
0.339063,0.339063,1.297489,0.00122,-0.076057,0.021596,0.996869
0.336333,0.336333,1.297799,0.001631,-0.07445,0.022218,0.996976
0.338695,0.338695,1.299312,0.000717,-0.075945,0.021665,0.996876
0.334513,0.334513,1.296529,-0.000462,-0.074108,0.021738,0.997013
0.33498,0.33498,1.299266,-0.000837,-0.074223,0.021464,0.99701
0.334342,0.334342,1.294984,0.001739,-0.07431,0.021522,0.997001
0.340585,0.340585,1.295436,-0.000983,-0.075993,0.022607,0.996852
0.342442,0.342442,1.298349,0.000546,-0.076628,0.021603,0.996826
0.334215,0.334215,1.295569,0.001461,-0.074042,0.021462,0.997023
0.336334,0.336334,1.294875,-0.000933,-0.074797,0.021332,0.99697
0.335991,0.335991,1.297826,0.000543,-0.074593,0.022019,0.996971
0.336039,0.336039,1.296624,-0.000124,-0.074418,0.021367,0.996998
0.3416,0.3416,1.295643,0.000382,-0.076141,0.021953,0.996855
0.340777,0.340777,1.299335,0.000773,-0.076084,0.02198,0.996859
0.344048,0.344048,1.292276,0.000981,-0.076844,0.022312,0.996793
0.336487,0.336487,1.295446,5e-05,-0.074888,0.021474,0.996961
0.345543,0.345543,1.294654,0.001207,-0.077408,0.021846,0.996759
0.341735,0.341735,1.296809,-0.001038,-0.076318,0.021755,0.996846
0.333235,0.333235,1.297684,0.002689,-0.073725,0.020635,0.997061
0.349263,0.349263,1.297206,0.000124,-0.078837,0.021594,0.996654
0.341958,0.341958,1.297066,-0.001061,-0.076446,0.021771,0.996835
0.346314,0.346314,1.295546,-0.000276,-0.07783,0.021813,0.996728
0.336835,0.336835,1.297465,0.00067,-0.074968,0.020686,0.996971
0.341735,0.341735,1.295423,-0.001065,-0.076303,0.022554,0.996829
0.332794,0.332794,1.29892,0.001027,-0.0738,0.021021,0.997051
0.34551,0.34551,1.297514,-0.001357,-0.077759,0.022389,0.99672
0.346545,0.346545,1.295923,-0.001111,-0.077666,0.021589,0.996745
0.341366,0.341366,1.298059,0.000767,-0.076266,0.022753,0.996828